# This is adapted from the supporting R code for
# "Growth and stability of stratiform carrollite (CuCo2S4) in the Tenke-Fungurume ore district, Central African Copperbelt"
# by Bjorn von der Heyden et al.
# R script written by Jeffrey Dick with input from Bjorn von der Heyden

# History:
# 20220524 to 20221214
#   Revisions 01 to 12
# 20230216 v13_RH95
#   Use data for cattierite and linnaeite from Robie & Hemingway (1995)
#   Put all functions into one file
# 20230217 v14_carrollite_V
#   Add V for carrollite
#   Use same number of S atoms for both reactions in Figure S5
# 20230815 v15_Cu0.92Co2.07S4
#   Use formula and properties for carrollite listed by Gibson et al. (2023)
# 20230822 v16_PMW87
#   Revert to cattierite and linnaeite from Pankratz et al. (1987)
# 20230831 v17_uDSC7
#   Use transition enthalpy and fit post-transition Cp from uDSC7
# 20240205 Moved to JMDplots with modifications:
#   Thermodynamic data for sulfides (including carrollite) are now in OBIGT instead of added via functions
#   Add "pdf" option to functions (defaults to FALSE for compiling carrollite.Rmd)

# Temperature (K) and Cp (J) from uDSC7 measurements for carrollite (Cu0.92Co2.07S4)
uDSC7 <- structure(list(Temp..K = c(300.03, 305.03, 310.02, 315.02, 320.01,
  325.01, 330, 335.09, 340.08, 345.08, 350.07, 355.07, 360.06,
  364.08, 365.06, 366.04, 367.02, 368, 369.07, 370.05, 371.03,
  372.01, 373.08, 374.07, 375.05, 376.03, 377, 378.08, 379.061,
  380.04, 380.5, 381.02, 382, 383.07, 384.06, 385.04, 386.02, 387.09,
  388.07, 389.05, 390.03, 391.01, 391.99), Cp..J.mol.K = c(158.76,
  160.29, 160.9, 162.52, 160.99, 163.37, 162.48, 164.68, 163.82,
  165.58, 165.33, 166.76, 166.88, 166.19, 169.19, 169.41, 168.03,
  166.32, 167.86, 168.32, 170.2, 171.99, 174.63, 179.51, 184.92,
  191.48, 191.84, 179.85, 166.57, 165.26, 172.87, 164.55, 165.33,
  164.71, 165.16, 165.26, 165.16, 164.51, 164.5, 163.31, 162.98,
  163.89, 163.25), Stage = c("Pre-transition", "Pre-transition",
  "Pre-transition", "Pre-transition", "Pre-transition", "Pre-transition",
  "Pre-transition", "Pre-transition", "Pre-transition", "Pre-transition",
  "Pre-transition", "Pre-transition", "Pre-transition", "Pre-transition",
  "Transition", "Transition", "Transition", "Transition", "Transition",
  "Transition", "Transition", "Transition", "Transition", "Transition",
  "Transition", "Transition", "Transition", "Transition", "Transition",
  "Transition", "Transition", "Post-transition", "Post-transition",
  "Post-transition", "Post-transition", "Post-transition", "Post-transition",
  "Post-transition", "Post-transition", "Post-transition", "Post-transition",
  "Post-transition", "Post-transition")), class = "data.frame", row.names = c(NA,
  -43L)
)

# Update OBIGT with fits to formation constants from
# Migdisov et al. (2011) (https://doi.org/10.1016/j.gca.2011.05.003)
# 20220721 jmd
add_Co_aqueous <- function() {

  # Temperature and formation constants from Table 3 of Migdisov et al. (2011)
  # (From spectroscopic data)
  T_table3 <- c(200, 250, 300)
  species.Cl <- list(
    Cl1 = c("Co+2", "Cl-", "CoCl+"),
    Cl2 = c("Co+2", "Cl-", "CoCl2"),
    Cl3 <- c("Co+2", "Cl-", "CoCl3-"),
    Cl4 <- c("Co+2", "Cl-", "CoCl4-2")
  )
  coeff.Cl <- list(
    Cl1 = c(-1, -1, 1),
    Cl2 <- c(-1, -2, 1),
    Cl3 <- c(-1, -3, 1),
    Cl4 <- c(-1, -4, 1)
  )
  logB_table3 <- list(
    Cl1 = c(1.37, 1.82, 2.42),
    Cl2 = c(2.71, 3.63, 4.94),
    Cl3 = c(3.72, 5.06, 6.44),
    Cl4 = c(5.12, 6.49, 8.33)
  )

  # Temperature and formation constants from Table 4 of Migdisov et al. (2011)
  # (From solubility data)
  T_table4 <- c(120, 150, 200, 250, 300)
  species.HS <- list(
    HS = c("Co+2", "HS-", "CoHS+"),
    H2S = c("Co+2", "H2S", "H+", "CoHS+")
  )
  coeff.HS <- list(
    HS = c(-1, -1, 1),
    H2S <- c(-1, -1, 1, 1)
  )
  logB_table4 <- list(
    HS = c(6.24, 6.02, 5.84, 5.97, 6.52),
    H2S = c(-0.23, -0.48, -0.85, -1.05, -1.04),
    # Use solubility-determined formation constants of Cl species for plots only (not in logB.to.OBIGT)
    Cl1 = c(NA, NA, NA, NA, NA),
    Cl2 = c(NA, 1.26, 2.42, 3.85, 5.36),
    Cl3 = c(NA, 2.89, 3.50, NA, NA),
    Cl4 = c(NA, NA, 4.86, 6.62, 8.39)
  )

  # Fit spectroscopic data for Cl complexes
  tolerance <- c(0.05, 0.05, 0.1, 0.05)
  for(i in 1:4) {
    # Don't try to fit NA values
    ina <- is.na(logB_table3[[i]])
    logB.to.OBIGT(logB_table3[[i]][!ina], species.Cl[[i]], coeff.Cl[[i]], T = T_table3[!ina], P = "Psat", npar = 2, tolerance = tolerance[i])
  }
  # Fit solubility data for HS complexes
  ## Use HS- reaction only
  for(i in 1:1) {
    ina <- is.na(logB_table4[[i]])
    logB.to.OBIGT(logB_table4[[i]][!ina], species.HS[[i]], coeff.HS[[i]], T = T_table4[!ina], P = "Psat", npar = 2, tolerance = 0.1)
  }

  # Return values for making Figure S4 20240206
  list(T_table3 = T_table3, species.Cl = species.Cl, coeff.Cl = coeff.Cl, logB_table3 = logB_table3,
       T_table4 = T_table4, species.HS = species.HS, coeff.HS = coeff.HS, logB_table4 = logB_table4)

}

# Add carrollite GHS and fitted Cp coefficients
# 20220724 First version
# 20230831 Calculate parameters for second polymorph
# 20240205 Change species name to carrollite_test to not clash with carrollite in OBIGT
