# JMDplots/grad_mdata.R
# metadata for studies used in gradox and gradH2O papers 20181230
# added to JMDplots package 20190930

gradH2O <- list(
  `Baltic_Sea-0.1s` = list( # 20181228 [DLY+14], 20190104 [ZMI+17]
    # surface 0.1 um samples
    site = c("GS667", "GS665", "GS669", "GS673", "GS675", "GS659", "GS679", "GS681", "GS683", "GS685", "GS694", "GS687"),
    iMicrobe_MG = c("GS667_0.1", "GS665_0.1", NA, "GS673_0.1", NA, "GS659_0.1", "GS679_0.1", "GS681_0.1", "GS683_0.1", "GS685_0.1", "GS694_0.1", "GS687_0.1"),
    SRA_MT = c("SRR3747412", NA, "SRR3747762", NA, "SRR3747289", NA, "SRR3747362", NA, "SRR3747402", NA, "SRR3747415", NA),
    MG_range = c(0.59, 0.63),
    MGP_range = c(-0.17, -0.13),
    MT_range = c(0.59, 0.63),
    MTP_range = c(-0.17, -0.13),
    abbrev = "GS",
    group = c("ocean"),
    plot_real_x = FALSE,
    techtype = "454" # note: MT is Illumina
  ),
  `Baltic_Sea-0.8s` = list( # 20181228 [DLY+14], 20190104 [ZMI+17]
    # surface 0.8 um samples
    site = c("GS667", "GS665", "GS669", "GS673", "GS675", "GS659", "GS679", "GS681", "GS683", "GS685", "GS694", "GS687"),
    iMicrobe_MG = c("GS667_0.8", "GS665_0.8", NA, "GS673_0.8", NA, "GS659_0.8", "GS679_0.8", "GS681_0.8", "GS683_0.8", "GS685_0.8", "GS694_0.8", "GS687_0.8"),
    SRA_MT = c("SRR3747359", NA, "SRR3747763", NA, "SRR3747315", NA, "SRR3747363", NA, "SRR3747403", NA, "SRR3747416", NA),
    MG_range = c(0.59, 0.63),
    MGP_range = c(-0.17, -0.13),
    MT_range = c(0.59, 0.63),
    MTP_range = c(-0.17, -0.13),
    abbrev = "GS",
    group = c("ocean"),
    plot_real_x = FALSE,
    techtype = "454" # note: MT is Illumina
  ),
  `Baltic_Sea-3.0s` = list( # 20181228 [DLY+14], 20190104 [ZMI+17]
    # surface 3.0 um samples
    site = c("GS667", "GS665", "GS669", "GS673", "GS675", "GS659", "GS679", "GS681", "GS683", "GS685", "GS694", "GS687"),
    iMicrobe_MG = c("GS667_3.0", "GS665_3.0", NA, "GS673_3.0", NA, "GS659_3.0", "GS679_3.0", "GS681_3.0", "GS683_3.0", "GS685_3.0", "GS694_3.0", "GS687_3.0"),
    SRA_MT = c("SRR3747331", NA, "SRR3747764", NA, "SRR3746048", NA, "SRR3747364", NA, "SRR3747404", NA, "SRR3747417", NA),
    MG_range = c(0.59, 0.63),
    MGP_range = c(-0.17, -0.13),
    MT_range = c(0.59, 0.63),
    MTP_range = c(-0.17, -0.13),
    abbrev = "GS",
    group = c("ocean"),
    plot_real_x = FALSE,
    techtype = "454" # note: MT is Illumina
  ),
  `Baltic_Sea-0.1d` = list( # 20181228 [DLY+14], 20190104 [ZMI+17]
    # deep 0.1 um samples
    site = c("GS666", "GS670", "GS674", "GS660", "GS676", "GS677", "GS680", "GS682", "GS684", "GS686", "GS695", "GS688"),
    iMicrobe_MG = c("GS666_0.1", NA, "GS674_0.1", "GS660_0.1", NA, "GS677_0.1", NA, "GS682_0.1", "GS684_0.1", "GS686_0.1", "GS695_0.1", "GS688_0.1"),
    SRA_MT = c(NA, "SRR3747765", NA, NA, "SRR3747324", "SRR3747327", "SRR3747368", NA, "SRR3747413", NA, "SRR3747418", NA),
    MG_range = c(0.59, 0.63),
    MGP_range = c(-0.17, -0.13),
    MT_range = c(0.59, 0.63),
    MTP_range = c(-0.17, -0.13),
    abbrev = "GS",
    group = c("ocean"),
    plot_real_x = FALSE,
    techtype = "454" # note: MT is Illumina
  ),
  `Baltic_Sea-0.8d` = list( # 20181228 [DLY+14], 20190104 [ZMI+17]
    # deep 0.8 um samples
    site = c("GS666", "GS670", "GS674", "GS660", "GS676", "GS677", "GS680", "GS682", "GS684", "GS686", "GS695", "GS688"),
    iMicrobe_MG = c("GS666_0.8", NA, "GS674_0.8", "GS660_0.8", NA, "GS677_0.8", NA, "GS682_0.8", "GS684_0.8", "GS686_0.8", "GS695_0.8", "GS688_0.8"),
    SRA_MT = c(NA, "SRR3747775", NA, NA, "SRR3747325", "SRR3747328", "SRR3747400", NA, "SRR3747414", NA, "SRR3747419", NA),
    MG_range = c(0.59, 0.63),
    MGP_range = c(-0.17, -0.13),
    MT_range = c(0.59, 0.63),
    MTP_range = c(-0.17, -0.13),
    abbrev = "GS",
    group = c("ocean"),
    plot_real_x = FALSE,
    techtype = "454" # note: MT is Illumina
  ),
  `Baltic_Sea-3.0d` = list( # 20181228 [DLY+14], 20190104 [ZMI+17]
    # deep 3.0 um samples
    site = c("GS666", "GS670", "GS674", "GS660", "GS676", "GS677", "GS680", "GS682", "GS684", "GS686", "GS695", "GS688"),
    iMicrobe_MG = c("GS666_3.0", NA, "GS674_3.0", "GS660_3.0", NA, "GS677_3.0", NA, "GS682_3.0", "GS684_3.0", "GS686_3.0", "GS695_3.0", "GS688_3.0"),
    SRA_MT = c(NA, "SRR3747777", NA, NA, "SRR3747326", "SRR3747329", "SRR3747401", NA, "SRR3747405", NA, "SRR3747420", NA),
    MG_range = c(0.59, 0.63),
    MGP_range = c(-0.17, -0.13),
    MT_range = c(0.59, 0.63),
    MTP_range = c(-0.17, -0.13),
    abbrev = "GS",
    group = c("ocean"),
    plot_real_x = FALSE,
    techtype = "454" # note: MT is Illumina
  )
)

# groups: hydrothermal, rock, mat, marine, hypersaline 20180315
# added OMZ, plume 20180321
gradox <- list(
  BalticSea_Sediment = list( # 20180324 [ZMB+17, TFLS16], 20180608 [MKNJ18]
    `depth (mbsf)` = c("10cm", "12m", "15m", "42m", "10cm", "11m", "41m", "47m", "67m", "81m"),
    xlabels = c(0.1, 12, 15, 42, 0.1, 11, 41, 47, 67, 81),
    SRA_MG = c(NA, NA, NA, NA, "ERX509195", "SRX1537899", "SRX1537877", "SRX1537900", "SRX1537878", "SRX1537882"),
    SRA_MT = c("ERX509194", "SRX2869655", "SRX2869654", "SRX2869653", NA, NA, NA, NA, NA, NA),
    MT_range = c(0.615, 0.595),
    MTP_range = c(-0.16, -0.2),
    MG_range = c(0.635, 0.605),
    MGP_range = c(-0.12, -0.18),
    MG_srange = c(0.65, 0.6),
    abbrev = "BS",
    group = c("sediment0", "sediment", "sediment", "sediment", "sediment0", "sediment", "sediment", "sediment", "sediment", "sediment"),
    dx = list(MG = 0.0185, MT = 0.003),
    dy = list(MG = -0.003, MT = -0.003),
    plot_real_x = TRUE,
    techtype = "Illumina"
  ),
  Bison_Pool = list( # 20180215 [DS11, HRM+11]
    `distance from source (m)` = c("N", "S", "R", "Q", "P"),
    xlabels = c(0, 6, 11, 14, 22),
    IMG_MG = c(2009439003, 2009439000, 2010170001, 2010170002, 2010170003),
    MG_range = c(0.61, 0.645),
    MGP_range = c(-0.22, -0.14),
    abbrev = "BP",
    group = c("yellowstone", "yellowstone", "yellowstone", "yellowstone1", "yellowstone1"),
    dx = list(MG = 0.0023),
    dy = list(MG = 0.0019),
    plot_real_x = TRUE,
    techtype = "Sanger"
  ),
  Diffuse_Vents = list( # 20180320 [RRM+16, FLBH18]
    sample = c("Ginger_Castle", "Shrimp_Gulley_2", "Marker_33", "Marker_113", "Anemone", "Plume", "Background"),
    xlabels = c("GC", "SG", "33", "113", "An", "Pl", "Bd"),
    SRA_MG = c("ERX947644", "ERX947703", "ERX2080779", "ERX2080783", "ERX2080781", "ERX2080787", "ERX2080789"),
    SRA_MT = c(NA, NA, "ERX2080780", "ERX2080784", "ERX2080782", "ERX2080788", "ERX2080790"),
    MG_range = c(0.575, 0.62),
    MG_srange = c(0.57, 0.64),
    MT_range = c(0.60, 0.62),
    MGP_range = c(-0.2, -0.14),
    MTP_range = c(-0.18, -0.13),
    abbrev = "DV",
    group = c("vent", "vent", "vent", "vent", "vent", "plume", "plume0"),
    dx = list(MG = -0.030, MT = 0.005),
    dy = list(MG = -0.049, MT = -0.001),
    plot_real_x = FALSE,
    techtype = "Illumina"
  ),
  ETNP_OMZ = list( # 20180301 [GKG+15] (MG), [GBL+15] (size-fractionated MT)
    `depth (m)` = c("30m", "85m", "100m", "125m", "300m"),
    xlabels = c(30, 85, 100, 125, 300),
    SRA_MG = c("SRX648440", "SRX648442", "SRX648443", "SRX648444", "SRX648445"),
    # sequences for small size fraction
    SRA_MT = c("SRX854074", "SRX854078", "SRX854081", "SRX854083", "SRX854084"),
    ## sequences for large size fraction
    #SRA_MT = c("SRX895490", "SRX895491", "SRX895493", "SRX895494", "SRX895496"),
    MG_range = c(0.615, 0.595),
    MG_srange = c(0.61, 0.57),
    MT_range = c(0.615, 0.60),
    MGP_range = c(-0.14, -0.165),
    MTP_range = c(-0.15, -0.165),
    abbrev = "EN",
    group = c("OMZ0", "OMZ", "OMZ", "OMZ", "OMZ"),
    dx = list(MG = -0.0025, MT = -0.001),
    dy = list(MG = 0, MT = 0.0035),
    plot_real_x = TRUE,
    techtype = "Illumina"
  ),
  ETSP_OMZ = list( # 20180218 [SUD12]
    `depth (m)` = c("15m", "50m", "65m", "85m", "110m", "200m", "500m", "800m"),
    xlabels = c(15, 50, 65, 85, 110, 200, 500, 800),